Int64Index([2016, 2015, 1991, 2017, 1992, 2018, 1990, 1994, 1987, 2014, 1993,
            1986, 1982, 1983, 1981, 1984, 1995, 1996, 1980, 1979, 1989, 1998,
            1999, 1988, 2013, 1997, 2000, 2001, 1985, 1978, 2008, 2011, 2009,
            1977, 2007, 2002, 2003, 2004, 2005, 2006, 1967, 2012, 1976, 2010,
            1975, 1969, 1971, 1974, 1966, 1965, 1973, 1972, 1970, 1968, 1964,
            1961, 1948, 1962, 1963, 1949, 1958, 1950, 1956, 1957, 1946, 1953,
            1959, 1954, 1960, 1952, 1951],
           dtype='int64', name='year')[1969086.50508875 1947415.85203112 1886378.59926262 1821091.35486699
 1798398.15847524 1798069.84057554 1786582.51241344 1771598.21024698
 1768840.52511541 1752673.97540162 1750220.01559074 1745673.41876172
 1742090.52755465 1656185.10445573 1566656.52238752 1506932.17863228
 1499608.06434672 1498678.25127385 1457699.63583971 1453975.54074742
 1403574.58795629 1317055.95804949 1247545.39388718 1225190.48695468
 1218726.72796726 1213911.59115206 1204166.21478134 1171322.77285655
 1167736.06034768 1147231.80429345 1146159.58402925 1134915.01717611
 1125579.80125815 1122681.72418375 1107670.28346162 1082677.01425757
 1078692.21375058 1073456.77054826 1062666.48527332 1054072.39450228
 1012084.71611302  939918.31023797  918503.16084916  913210.28988327
  899536.5347195   898549.94105565  881834.13322959  876898.87471596
  857470.28198941  853593.66185284  846008.99853187  842018.72319909
  836721.8254084   826066.82848027  815081.50392526  782475.40567311
  695519.07924337  693711.79780165  687711.85552211  687309.52728312
  660092.20397049  630816.54600655  613674.38297641  605889.44229163
  605064.07524627  603801.66921044  592269.80472257  585397.85171602
  579868.35923474  561350.18251897  438155.82722693][54 54 53 52 51 51 49 49 47 46 44 44 44 43 42 42 41 41 41 41 40 40 40 39
 39 39 39 39 38 38 38 37 37 36 35 33 33 33 33 33 33 33 32 31 30 29 29 28
 28 27 26 26 26 26 25 21 20 20 20 20 18 18 17 17 17 16 16 15 15 14 14]hello worldInt64Index([2016, 2015, 1991, 2017, 1992, 2018, 1990, 1994, 1987, 2014, 1993,
            1986, 1982, 1983, 1981, 1984, 1995, 1996, 1980, 1979, 1989, 1998,
            1999, 1988, 2013, 1997, 2000, 2001, 1985, 1978, 2008, 2011, 2009,
            1977, 2007, 2002, 2003, 2004, 2005, 2006, 1967, 2012, 1976, 2010,
            1975, 1969, 1971, 1974, 1966, 1965, 1973, 1972, 1970, 1968, 1964,
            1961, 1948, 1962, 1963, 1949, 1958, 1950, 1956, 1957, 1946, 1953,
            1959, 1954, 1960, 1952, 1951],
           dtype='int64', name='year')[1969086.50508875 1947415.85203112 1886378.59926262 1821091.35486699
 1798398.15847524 1798069.84057554 1786582.51241344 1771598.21024698
 1768840.52511541 1752673.97540162 1750220.01559074 1745673.41876172
 1742090.52755465 1656185.10445573 1566656.52238752 1506932.17863228
 1499608.06434672 1498678.25127385 1457699.63583971 1453975.54074742
 1403574.58795629 1317055.95804949 1247545.39388718 1225190.48695468
 1218726.72796726 1213911.59115206 1204166.21478134 1171322.77285655
 1167736.06034768 1147231.80429345 1146159.58402925 1134915.01717611
 1125579.80125815 1122681.72418375 1107670.28346162 1082677.01425757
 1078692.21375058 1073456.77054826 1062666.48527332 1054072.39450228
 1012084.71611302  939918.31023797  918503.16084916  913210.28988327
  899536.5347195   898549.94105565  881834.13322959  876898.87471596
  857470.28198941  853593.66185284  846008.99853187  842018.72319909
  836721.8254084   826066.82848027  815081.50392526  782475.40567311
  695519.07924337  693711.79780165  687711.85552211  687309.52728312
  660092.20397049  630816.54600655  613674.38297641  605889.44229163
  605064.07524627  603801.66921044  592269.80472257  585397.85171602
  579868.35923474  561350.18251897  438155.82722693][54 54 53 52 51 51 49 49 47 46 44 44 44 43 42 42 41 41 41 41 40 40 40 39
 39 39 39 39 38 38 38 37 37 36 35 33 33 33 33 33 33 33 32 31 30 29 29 28
 28 27 26 26 26 26 25 21 20 20 20 20 18 18 17 17 17 16 16 15 15 14 14]